x,z,Horizontal distance between points:,Height below bridge obvert:,Invert:,
0,1.96,0,0,Max height of obvert above invert:,1.96
0.01,0.13,0.01,1.83,,
1.86,0,1.85,1.96,,
3.66,0.13,1.8,1.83,,
4.66,0.55,1,1.41,,
8.31,0.26,3.65,1.7,,
12.01,0.55,3.7,1.41,,
13.01,0.15,1,1.81,,
14.61,0.04,1.6,1.92,,
17.16,0.16,2.55,1.8,,
17.17,1.96,0.01,0,,
