x,z,Horizontal distance between points:,Height below bridge obvert:,Invert:,
0,2.98,0,0,Max height of obvert above invert:,2.98
0.01,0.62,0.01,2.36,,
4.01,0.38,4,2.6,,
4.93,0.28,0.92,2.7,,
6.43,0.28,1.5,2.7,,
6.68,0,0.25,2.98,,
7.18,0,0.5,2.98,,
7.43,0.25,0.25,2.73,,
8.93,0.25,1.5,2.73,,
9.85,0.45,0.92,2.53,,
13.85,0.67,4,2.31,,
13.86,2.98,0.01,0,,
