x,z,Horizontal distance between points:,Height below bridge obvert:,Invert:,
0,10.0,0,0,Max height of obvert above invert:,2.15
0.01,1.85,0.01,0.3,,
2.31,0.6,2.3,1.55,,
4.41,0.43,2.1,1.72,,
4.76,0.43,0.35,1.72,,
7.26,0.27,2.5,1.88,,
7.27,0,0.01,2.15,,
8.26,0,0.99,2.15,,
8.27,0.27,0.01,1.88,,
10.77,0.45,2.5,1.7,,
11.12,0.45,0.35,1.7,,
13.32,0.52,2.2,1.63,,
15.72,1.75,2.4,0.4,,
15.73,10.0,0.01,0,,
