x,z,Horizontal distance between points:,Height below bridge obvert:,Invert:,
0,4.89,0,0,Max height of obvert above invert:,4.89
3.3,3.47,3.3,1.42,,
4.7,2.17,1.4,2.72,,
6.62,0.31,1.92,4.58,,
7.05,0.31,0.43,4.58,,
7.06,0.18,0.01,4.71,,
13.7,0,6.64,4.89,,
20.99,0.17,7.29,4.72,,
21,0.31,0.01,4.58,,
21.44,0.31,0.44,4.58,,
23.6,2.19,2.16,2.7,,
28.6,4.89,5,0,,
