x,z,Horizontal distance between points:,Height below bridge obvert:,Invert:,
0,2.7,0,0,Max height of obvert above invert:,2.7
2.6,2,2.6,0.7,,
4.1,0.34,1.5,2.36,,
6.3,0.2,2.2,2.5,,
9.65,0,3.35,2.7,,
13,0.2,3.35,2.5,,
15.3,0.3,2.3,2.4,,
16.8,1.95,1.5,0.75,,
19,2.7,2.2,0,,
