x,z,Horizontal distance between points:,Height below bridge obvert:,Invert:,
0,1.36,0,0,Max height of obvert above invert:,1.36
0.55,0.92,0.55,0.44,,
0.56,0.7,0.01,0.66,,
0.84,0.7,0.28,0.66,,
1.49,0.2,0.65,1.16,,
1.9,0.2,0.41,1.16,,
1.91,0,0.01,1.36,,
3.71,0,1.8,1.36,,
3.72,0.21,0.01,1.15,,
4.04,0.21,0.32,1.15,,
4.7,0.68,0.66,0.68,,
4.97,0.68,0.27,0.68,,
4.98,0.9,0.01,0.46,,
5.48,1.36,0.5,0,,
