x,z,Horizontal distance between points:,Height below bridge obvert:,Invert:,
0,4.7,0,0,Max height of obvert above invert:,4.7
1.1,3.4,1.1,1.3,,
3.8,0.545,2.7,4.155,,
4.3,0.545,0.5,4.155,,
4.31,0.4,0.01,4.3,,
12.6,0,8.29,4.7,,
13.6,0,1,4.7,,
19.19,0.35,5.59,4.35,,
19.2,0.495,0.01,4.205,,
19.7,0.495,0.5,4.205,,
23.1,3.3,3.4,1.4,,
24.2,4.7,1.1,0,,
