x,z,Horizontal distance between points:,Height below bridge obvert:,Invert:,
0,1.76,0,0,Max height of obvert above invert:,1.76
0.01,1.51,0.01,0.25,,
0.73,1.51,0.72,0.25,,
2.18,0.21,1.45,1.55,,
2.63,0.21,0.45,1.55,,
2.64,0.06,0.01,1.7,,
3.99,0,1.35,1.76,,
5.34,0.06,1.35,1.7,,
5.35,0.21,0.01,1.55,,
5.78,0.21,0.43,1.55,,
7.23,1.59,1.45,0.17,,
7.92,1.59,0.69,0.17,,
7.93,1.76,0.01,0,,
