x,z,Horizontal distance between points:,Height below bridge obvert:,Invert:,
0,1.71,0,0,Max height of obvert above invert:,1.71
1.9,1.28,1.9,0.43,,
3.05,0.14,1.15,1.57,,
3.405,0.14,0.355,1.57,,
3.415,0,0.01,1.71,,
4.68,0,1.265,1.71,,
4.69,0.14,0.01,1.57,,
5.11,0.14,0.42,1.57,,
6.26,1.17,1.15,0.54,,
7.57,1.71,1.31,0,,
