x,z,Horizontal distance between points:,Height below bridge obvert:,Invert:,
0,2.25,0,0,Max height of obvert above invert:,2.25
0.01,1.6,0.01,0.65,,
2.23,0.32,2.22,1.93,,
2.63,0.32,0.4,1.93,,
3.03,0.3,0.4,1.95,,
3.95,0.26,0.92,1.99,,
3.96,0,0.01,2.25,,
5.16,0,1.2,2.25,,
5.17,0.23,0.01,2.02,,
6.14,0.3,0.97,1.95,,
6.54,0.32,0.4,1.93,,
6.94,0.32,0.4,1.93,,
9.16,1.6,2.22,0.65,,
9.17,2.25,0.01,0,,
