x,z,Horizontal distance between points:,Height below bridge obvert:,Invert:,
0,2.38,0,0,Max height of obvert above invert:,2.38
0.01,1.58,0.01,0.8,,
0.26,1.58,0.25,0.8,,
1.61,0.21,1.35,2.17,,
2.01,0.21,0.4,2.17,,
2.02,0.16,0.01,2.22,,
4.35,0.03,2.33,2.35,,
4.36,0,0.01,2.38,,
5.05,0,0.69,2.38,,
5.06,0.05,0.01,2.33,,
7.39,0.16,2.33,2.22,,
7.4,0.21,0.01,2.17,,
7.79,0.21,0.39,2.17,,
9.09,1.66,1.3,0.72,,
9.36,1.66,0.27,0.72,,
9.37,2.38,0.01,0
