x,z,Horizontal distance between points:,Height below bridge obvert:,Invert:,
0,1.25,0,0,Max height of obvert above invert:,1.25
0.5,1.05,0.5,0.2,,
1.3,0.24,0.8,1.01,,
1.66,0.24,0.36,1.01,,
1.67,0.09,0.01,1.16,,
2.845,0,1.175,1.25,,
4.02,0.05,1.175,1.2,,
4.03,0.19,0.01,1.06,,
4.5,0.19,0.47,1.06,,
5.3,1.05,0.8,0.2,,
5.85,1.25,0.55,0,,
